[0.56140350877192979, 0.58771929824561409, 0.64035087719298245, 0.59649122807017541, 0.63157894736842102, 0.72807017543859653, 0.69298245614035092, 0.72807017543859653, 0.72807017543859653, 0.7168141592920354, 0.72566371681415931, 0.7589285714285714, 0.75, 0.73873873873873874, 0.78378378378378377, 0.78504672897196259, 0.84158415841584155, 0.82653061224489799, 0.88172043010752688, 0.90243902439024393, 1.0]

[runs_remaining,wickets_remaning,balls_remaining,rel_score]


[0.45614035087719296, 0.48245614035087719, 0.55263157894736847, 0.59649122807017541, 0.65789473684210531, 0.66666666666666663, 0.71052631578947367, 0.73684210526315785, 0.74561403508771928, 0.75221238938053092, 0.78761061946902655, 0.7946428571428571, 0.7946428571428571, 0.81081081081081086, 0.78378378378378377, 0.80373831775700932, 0.81188118811881194, 0.8571428571428571, 0.88172043010752688, 0.96341463414634143, 0.60317460317460314]

[all except the scores]#wkts, uns normalized



